% Intrinsic and Extrinsic Camera Parameters
%
% This script file can be directly executed under Matlab to recover the camera intrinsic and extrinsic parameters.
% IMPORTANT: This file contains neither the structure of the calibration objects nor the image coordinates of the calibration points.
%            All those complementary variables are saved in the complete matlab data file Calib_Results.mat.
% For more information regarding the calibration model visit http://www.vision.caltech.edu/bouguetj/calib_doc/


%-- Focal length:
fc = [ 462.811800455811010 ; 462.834091407421056 ];

%-- Principal point:
cc = [ 314.655960508946350 ; 187.424604871862726 ];

%-- Skew coefficient:
alpha_c = 0.000000000000000;

%-- Distortion coefficients:
kc = [ 0.115707198437524 ; -0.199741762704283 ; -0.001690727110206 ; -0.002201890162925 ; 0.000000000000000 ];

%-- Focal length uncertainty:
fc_error = [ 1.627058599527640 ; 1.460018906544363 ];

%-- Principal point uncertainty:
cc_error = [ 1.693005629597973 ; 1.613809969222552 ];

%-- Skew coefficient uncertainty:
alpha_c_error = 0.000000000000000;

%-- Distortion coefficients uncertainty:
kc_error = [ 0.006314646445181 ; 0.018503463419144 ; 0.001067561369207 ; 0.001552031559315 ; 0.000000000000000 ];

%-- Image size:
nx = 640;
ny = 360;


%-- Various other variables (may be ignored if you do not use the Matlab Calibration Toolbox):
%-- Those variables are used to control which intrinsic parameters should be optimized

n_ima = 29;						% Number of calibration images
est_fc = [ 1 ; 1 ];					% Estimation indicator of the two focal variables
est_aspect_ratio = 1;				% Estimation indicator of the aspect ratio fc(2)/fc(1)
center_optim = 1;					% Estimation indicator of the principal point
est_alpha = 0;						% Estimation indicator of the skew coefficient
est_dist = [ 1 ; 1 ; 1 ; 1 ; 0 ];	% Estimation indicator of the distortion coefficients


%-- Extrinsic parameters:
%-- The rotation (omc_kk) and the translation (Tc_kk) vectors for every calibration image and their uncertainties

%-- Image #1:
omc_1 = [ 2.051770e+00 ; 2.085573e+00 ; -4.348049e-01 ];
Tc_1  = [ -7.781176e+01 ; -6.839409e+01 ; 4.846725e+02 ];
omc_error_1 = [ 2.582385e-03 ; 3.024808e-03 ; 5.979874e-03 ];
Tc_error_1  = [ 1.769453e+00 ; 1.655102e+00 ; 1.751414e+00 ];

%-- Image #2:
omc_2 = [ 1.953385e+00 ; 2.029991e+00 ; -8.584689e-02 ];
Tc_2  = [ -5.413045e+01 ; -7.415319e+01 ; 4.583083e+02 ];
omc_error_2 = [ 2.762765e-03 ; 2.893586e-03 ; 5.507913e-03 ];
Tc_error_2  = [ 1.684951e+00 ; 1.571867e+00 ; 1.677406e+00 ];

%-- Image #3:
omc_3 = [ 1.963087e+00 ; 2.088515e+00 ; -4.765979e-02 ];
Tc_3  = [ -1.071864e+02 ; -7.052085e+01 ; 4.884455e+02 ];
omc_error_3 = [ 2.985871e-03 ; 3.414208e-03 ; 6.215292e-03 ];
Tc_error_3  = [ 1.806900e+00 ; 1.689355e+00 ; 1.838641e+00 ];

%-- Image #4:
omc_4 = [ 1.926724e+00 ; 2.033790e+00 ; 7.907164e-02 ];
Tc_4  = [ -1.346271e+02 ; -8.497448e+01 ; 4.750123e+02 ];
omc_error_4 = [ 3.026062e-03 ; 3.484215e-03 ; 5.828659e-03 ];
Tc_error_4  = [ 1.781138e+00 ; 1.652096e+00 ; 1.828705e+00 ];

%-- Image #5:
omc_5 = [ 2.188370e+00 ; 2.148522e+00 ; -3.251345e-01 ];
Tc_5  = [ 1.428956e+01 ; -7.246840e+01 ; 5.128510e+02 ];
omc_error_5 = [ 3.677206e-03 ; 3.075023e-03 ; 7.610580e-03 ];
Tc_error_5  = [ 1.886547e+00 ; 1.756979e+00 ; 1.852572e+00 ];

%-- Image #6:
omc_6 = [ -2.165788e+00 ; -2.202033e+00 ; 3.864028e-01 ];
Tc_6  = [ 2.098157e+01 ; -1.057806e+02 ; 5.548284e+02 ];
omc_error_6 = [ 3.824395e-03 ; 3.927495e-03 ; 8.146494e-03 ];
Tc_error_6  = [ 2.048165e+00 ; 1.892281e+00 ; 1.986366e+00 ];

%-- Image #7:
omc_7 = [ -2.126357e+00 ; -2.219388e+00 ; 3.670834e-01 ];
Tc_7  = [ 5.346832e+01 ; -9.076871e+01 ; 5.549647e+02 ];
omc_error_7 = [ 3.918862e-03 ; 4.451033e-03 ; 8.997492e-03 ];
Tc_error_7  = [ 2.048765e+00 ; 1.905197e+00 ; 2.016820e+00 ];

%-- Image #8:
omc_8 = [ 1.948261e+00 ; 2.169500e+00 ; -7.537576e-01 ];
Tc_8  = [ -2.341525e+01 ; -8.550104e+01 ; 5.236165e+02 ];
omc_error_8 = [ 2.392019e-03 ; 3.128129e-03 ; 6.083768e-03 ];
Tc_error_8  = [ 1.920419e+00 ; 1.786359e+00 ; 1.718151e+00 ];

%-- Image #9:
omc_9 = [ 1.960768e+00 ; 2.011989e+00 ; -6.791502e-01 ];
Tc_9  = [ -9.428615e+01 ; -7.461646e+01 ; 4.778226e+02 ];
omc_error_9 = [ 2.094087e-03 ; 3.023847e-03 ; 5.502695e-03 ];
Tc_error_9  = [ 1.745461e+00 ; 1.632828e+00 ; 1.667840e+00 ];

%-- Image #10:
omc_10 = [ 1.847641e+00 ; 1.845527e+00 ; -2.382859e-02 ];
Tc_10  = [ -8.812273e+01 ; -9.335665e+01 ; 4.124822e+02 ];
omc_error_10 = [ 2.693687e-03 ; 2.888922e-03 ; 4.624996e-03 ];
Tc_error_10  = [ 1.530015e+00 ; 1.409755e+00 ; 1.557560e+00 ];

%-- Image #11:
omc_11 = [ 2.130418e+00 ; 2.079497e+00 ; -1.343089e-01 ];
Tc_11  = [ 4.455284e+00 ; -1.393370e+02 ; 6.894805e+02 ];
omc_error_11 = [ 3.815371e-03 ; 4.012857e-03 ; 8.028844e-03 ];
Tc_error_11  = [ 2.550510e+00 ; 2.365397e+00 ; 2.569840e+00 ];

%-- Image #12:
omc_12 = [ 1.853802e+00 ; 2.337200e+00 ; -4.463036e-02 ];
Tc_12  = [ 1.985048e+01 ; -1.718406e+02 ; 6.833798e+02 ];
omc_error_12 = [ 3.376758e-03 ; 4.542178e-03 ; 7.903436e-03 ];
Tc_error_12  = [ 2.536143e+00 ; 2.358263e+00 ; 2.517399e+00 ];

%-- Image #13:
omc_13 = [ 1.611729e+00 ; 2.137230e+00 ; -1.495590e+00 ];
Tc_13  = [ 1.302326e+02 ; -9.488636e+01 ; 6.441198e+02 ];
omc_error_13 = [ 2.505882e-03 ; 4.022920e-03 ; 5.519928e-03 ];
Tc_error_13  = [ 2.372063e+00 ; 2.247632e+00 ; 1.895799e+00 ];

%-- Image #14:
omc_14 = [ 1.620009e+00 ; 2.026534e+00 ; -1.080942e+00 ];
Tc_14  = [ 8.258624e+01 ; -6.953286e+01 ; 6.542790e+02 ];
omc_error_14 = [ 2.485620e-03 ; 3.445927e-03 ; 5.282991e-03 ];
Tc_error_14  = [ 2.392602e+00 ; 2.265353e+00 ; 1.993901e+00 ];

%-- Image #15:
omc_15 = [ 1.468447e+00 ; 2.064652e+00 ; -1.054733e+00 ];
Tc_15  = [ 4.137750e+01 ; -7.884696e+01 ; 6.629523e+02 ];
omc_error_15 = [ 2.289508e-03 ; 3.544497e-03 ; 5.105508e-03 ];
Tc_error_15  = [ 2.423280e+00 ; 2.287242e+00 ; 2.075179e+00 ];

%-- Image #16:
omc_16 = [ 1.453946e+00 ; 1.999501e+00 ; -9.536736e-01 ];
Tc_16  = [ 3.968369e+01 ; -8.103892e+01 ; 6.110483e+02 ];
omc_error_16 = [ 2.369128e-03 ; 3.394916e-03 ; 4.822344e-03 ];
Tc_error_16  = [ 2.232927e+00 ; 2.105159e+00 ; 1.875823e+00 ];

%-- Image #17:
omc_17 = [ 1.486352e+00 ; 2.001420e+00 ; -1.159076e+00 ];
Tc_17  = [ 3.233258e+01 ; -8.471948e+01 ; 5.295642e+02 ];
omc_error_17 = [ 2.282301e-03 ; 3.498824e-03 ; 4.851647e-03 ];
Tc_error_17  = [ 1.937765e+00 ; 1.823271e+00 ; 1.530310e+00 ];

%-- Image #18:
omc_18 = [ 1.720001e+00 ; 1.947247e+00 ; -1.686108e-02 ];
Tc_18  = [ -2.636689e+01 ; -5.552326e+01 ; 4.776063e+02 ];
omc_error_18 = [ 2.802841e-03 ; 2.853805e-03 ; 4.901075e-03 ];
Tc_error_18  = [ 1.746909e+00 ; 1.648053e+00 ; 1.766902e+00 ];

%-- Image #19:
omc_19 = [ 1.615806e+00 ; 2.035393e+00 ; -9.211749e-03 ];
Tc_19  = [ -4.927866e+01 ; -8.793908e+01 ; 4.756991e+02 ];
omc_error_19 = [ 2.647116e-03 ; 3.102510e-03 ; 4.765418e-03 ];
Tc_error_19  = [ 1.747826e+00 ; 1.634919e+00 ; 1.759884e+00 ];

%-- Image #20:
omc_20 = [ 1.925809e+00 ; 2.443265e+00 ; -4.335739e-01 ];
Tc_20  = [ 5.014645e+01 ; -9.204213e+01 ; 5.815729e+02 ];
omc_error_20 = [ 3.887499e-03 ; 3.911714e-03 ; 8.455995e-03 ];
Tc_error_20  = [ 2.137841e+00 ; 1.994911e+00 ; 2.083125e+00 ];

%-- Image #21:
omc_21 = [ 1.817917e+00 ; 2.507577e+00 ; -3.773973e-01 ];
Tc_21  = [ -1.071293e+00 ; -9.083259e+01 ; 5.826546e+02 ];
omc_error_21 = [ 3.796623e-03 ; 4.437586e-03 ; 8.446690e-03 ];
Tc_error_21  = [ 2.130239e+00 ; 1.994935e+00 ; 2.094490e+00 ];

%-- Image #22:
omc_22 = [ 1.556985e+00 ; 2.258512e+00 ; 1.915296e-01 ];
Tc_22  = [ -6.097648e+01 ; -9.676715e+01 ; 5.511885e+02 ];
omc_error_22 = [ 2.913959e-03 ; 3.736281e-03 ; 5.776093e-03 ];
Tc_error_22  = [ 2.035886e+00 ; 1.915349e+00 ; 2.091826e+00 ];

%-- Image #23:
omc_23 = [ 1.482061e+00 ; 2.039081e+00 ; 3.812236e-01 ];
Tc_23  = [ -6.853448e+01 ; -9.216041e+01 ; 5.381334e+02 ];
omc_error_23 = [ 2.916663e-03 ; 3.271874e-03 ; 4.986750e-03 ];
Tc_error_23  = [ 1.992548e+00 ; 1.872420e+00 ; 2.105792e+00 ];

%-- Image #24:
